#1
4 0 3 0 2
0 0 0 0 0
0 0 2 0 0
0 0 0 0 0
4 0 4 0 1
#2
1 0 0 0 2
0 0 0 0 0
3 0 1 0 0
0 0 0 0 0
3 0 0 0 2
#3
3 0 2 0 2
0 0 0 0 0
3 0 0 0 1
0 0 0 0 0
3 0 2 0 0
#4
2 0 3 0 2
0 0 0 0 0
1 0 0 0 4
0 0 0 0 0
2 0 0 0 4
#5
3 0 4 0 4
0 0 0 0 0
2 0 0 0 0
0 0 0 0 2
1 0 2 0 0
#6
3 0 0 0 1
0 0 0 0 0
4 0 0 0 3
0 0 0 0 0
2 0 1 0 2
#7
2 0 3 0 2
0 0 0 0 0
4 0 0 0 4
0 0 0 0 0
1 0 0 0 2
#8
2 0 1 0 1
0 0 0 0 0
4 0 0 0 2
0 0 0 0 0
4 0 0 0 2
#9
0 0 2 0 4
0 0 0 0 0
2 0 1 0 4
0 0 0 0 0
3 0 0 0 2
#10
3 0 4 0 2
0 0 0 0 0
0 0 0 0 1
0 0 0 0 0
1 0 3 0 2
#1
4 0 3 0 2
0 0 0 0 0
0 0 2 0 0
0 0 0 0 0
4 0 4 0 1
#2
1 0 0 0 2
0 0 0 0 0
3 0 1 0 0
0 0 0 0 0
3 0 0 0 2
#3
3 0 2 0 2
0 0 0 0 0
3 0 0 0 1
0 0 0 0 0
3 0 2 0 0
#4
2 0 3 0 2
0 0 0 0 0
1 0 0 0 4
0 0 0 0 0
2 0 0 0 4
#5
3 0 4 0 4
0 0 0 0 0
2 0 0 0 0
0 0 0 0 2
1 0 2 0 0
#6
3 0 0 0 1
0 0 0 0 0
4 0 0 0 3
0 0 0 0 0
2 0 1 0 2
#7
2 0 3 0 2
0 0 0 0 0
4 0 0 0 4
0 0 0 0 0
1 0 0 0 2
#8
2 0 1 0 1
0 0 0 0 0
4 0 0 0 2
0 0 0 0 0
4 0 0 0 2
#9
0 0 2 0 4
0 0 0 0 0
2 0 1 0 4
0 0 0 0 0
3 0 0 0 2
#20
3 0 4 0 2
0 0 0 0 0
0 0 0 0 1
0 0 0 0 0
1 0 3 0 2
#1
4 0 3 0 2
0 0 0 0 0
0 0 2 0 0
0 0 0 0 0
4 0 4 0 1
#2
1 0 0 0 2
0 0 0 0 0
3 0 1 0 0
0 0 0 0 0
3 0 0 0 2
#3
3 0 2 0 2
0 0 0 0 0
3 0 0 0 1
0 0 0 0 0
3 0 2 0 0
#4
2 0 3 0 2
0 0 0 0 0
1 0 0 0 4
0 0 0 0 0
2 0 0 0 4
#5
3 0 4 0 4
0 0 0 0 0
2 0 0 0 0
0 0 0 0 2
1 0 2 0 0
#6
3 0 0 0 1
0 0 0 0 0
4 0 0 0 3
0 0 0 0 0
2 0 1 0 2
#7
2 0 3 0 2
0 0 0 0 0
4 0 0 0 4
0 0 0 0 0
1 0 0 0 2
#8
2 0 1 0 1
0 0 0 0 0
4 0 0 0 2
0 0 0 0 0
4 0 0 0 2
#9
0 0 2 0 4
0 0 0 0 0
2 0 1 0 4
0 0 0 0 0
3 0 0 0 2
#30
3 0 4 0 2
0 0 0 0 0
0 0 0 0 1
0 0 0 0 0
1 0 3 0 2
#1
4 0 3 0 2
0 0 0 0 0
0 0 2 0 0
0 0 0 0 0
4 0 4 0 1
#2
1 0 0 0 2
0 0 0 0 0
3 0 1 0 0
0 0 0 0 0
3 0 0 0 2
#3
3 0 2 0 2
0 0 0 0 0
3 0 0 0 1
0 0 0 0 0
3 0 2 0 0
#4
2 0 3 0 2
0 0 0 0 0
1 0 0 0 4
0 0 0 0 0
2 0 0 0 4
#5
3 0 4 0 4
0 0 0 0 0
2 0 0 0 0
0 0 0 0 2
1 0 2 0 0
#6
3 0 0 0 1
0 0 0 0 0
4 0 0 0 3
0 0 0 0 0
2 0 1 0 2
#7
2 0 3 0 2
0 0 0 0 0
4 0 0 0 4
0 0 0 0 0
1 0 0 0 2
#8
2 0 1 0 1
0 0 0 0 0
4 0 0 0 2
0 0 0 0 0
4 0 0 0 2
#9
0 0 2 0 4
0 0 0 0 0
2 0 1 0 4
0 0 0 0 0
3 0 0 0 2
#40
3 0 4 0 2
0 0 0 0 0
0 0 0 0 1
0 0 0 0 0
1 0 3 0 2
#1
4 0 3 0 2
0 0 0 0 0
0 0 2 0 0
0 0 0 0 0
4 0 4 0 1
#2
1 0 0 0 2
0 0 0 0 0
3 0 1 0 0
0 0 0 0 0
3 0 0 0 2
#3
3 0 2 0 2
0 0 0 0 0
3 0 0 0 1
0 0 0 0 0
3 0 2 0 0
#4
2 0 3 0 2
0 0 0 0 0
1 0 0 0 4
0 0 0 0 0
2 0 0 0 4
#5
3 0 4 0 4
0 0 0 0 0
2 0 0 0 0
0 0 0 0 2
1 0 2 0 0
#6
3 0 0 0 1
0 0 0 0 0
4 0 0 0 3
0 0 0 0 0
2 0 1 0 2
#7
2 0 3 0 2
0 0 0 0 0
4 0 0 0 4
0 0 0 0 0
1 0 0 0 2
#8
2 0 1 0 1
0 0 0 0 0
4 0 0 0 2
0 0 0 0 0
4 0 0 0 2
#9
0 0 2 0 4
0 0 0 0 0
2 0 1 0 4
0 0 0 0 0
3 0 0 0 2
#50
3 0 4 0 2
0 0 0 0 0
0 0 0 0 1
0 0 0 0 0
1 0 3 0 2
#1
4 0 3 0 2
0 0 0 0 0
0 0 2 0 0
0 0 0 0 0
4 0 4 0 1
#2
1 0 0 0 2
0 0 0 0 0
3 0 1 0 0
0 0 0 0 0
3 0 0 0 2
#3
3 0 2 0 2
0 0 0 0 0
3 0 0 0 1
0 0 0 0 0
3 0 2 0 0
#4
2 0 3 0 2
0 0 0 0 0
1 0 0 0 4
0 0 0 0 0
2 0 0 0 4
#5
3 0 4 0 4
0 0 0 0 0
2 0 0 0 0
0 0 0 0 2
1 0 2 0 0
#6
3 0 0 0 1
0 0 0 0 0
4 0 0 0 3
0 0 0 0 0
2 0 1 0 2
#7
2 0 3 0 2
0 0 0 0 0
4 0 0 0 4
0 0 0 0 0
1 0 0 0 2
#8
2 0 1 0 1
0 0 0 0 0
4 0 0 0 2
0 0 0 0 0
4 0 0 0 2
#9
0 0 2 0 4
0 0 0 0 0
2 0 1 0 4
0 0 0 0 0
3 0 0 0 2
#60
3 0 4 0 2
0 0 0 0 0
0 0 0 0 1
0 0 0 0 0
1 0 3 0 2
#1
4 0 3 0 2
0 0 0 0 0
0 0 2 0 0
0 0 0 0 0
4 0 4 0 1
#2
1 0 0 0 2
0 0 0 0 0
3 0 1 0 0
0 0 0 0 0
3 0 0 0 2
#3
3 0 2 0 2
0 0 0 0 0
3 0 0 0 1
0 0 0 0 0
3 0 2 0 0
#4
2 0 3 0 2
0 0 0 0 0
1 0 0 0 4
0 0 0 0 0
2 0 0 0 4
#5
3 0 4 0 4
0 0 0 0 0
2 0 0 0 0
0 0 0 0 2
1 0 2 0 0
#6
3 0 0 0 1
0 0 0 0 0
4 0 0 0 3
0 0 0 0 0
2 0 1 0 2
#7
2 0 3 0 2
0 0 0 0 0
4 0 0 0 4
0 0 0 0 0
1 0 0 0 2
#8
2 0 1 0 1
0 0 0 0 0
4 0 0 0 2
0 0 0 0 0
4 0 0 0 2
#9
0 0 2 0 4
0 0 0 0 0
2 0 1 0 4
0 0 0 0 0
3 0 0 0 2
#70
3 0 4 0 2
0 0 0 0 0
0 0 0 0 1
0 0 0 0 0
1 0 3 0 2
#1
4 0 3 0 2
0 0 0 0 0
0 0 2 0 0
0 0 0 0 0
4 0 4 0 1
#2
1 0 0 0 2
0 0 0 0 0
3 0 1 0 0
0 0 0 0 0
3 0 0 0 2
#3
3 0 2 0 2
0 0 0 0 0
3 0 0 0 1
0 0 0 0 0
3 0 2 0 0
#4
2 0 3 0 2
0 0 0 0 0
1 0 0 0 4
0 0 0 0 0
2 0 0 0 4
#5
3 0 4 0 4
0 0 0 0 0
2 0 0 0 0
0 0 0 0 2
1 0 2 0 0
#6
3 0 0 0 1
0 0 0 0 0
4 0 0 0 3
0 0 0 0 0
2 0 1 0 2
#7
2 0 3 0 2
0 0 0 0 0
4 0 0 0 4
0 0 0 0 0
1 0 0 0 2
#8
2 0 1 0 1
0 0 0 0 0
4 0 0 0 2
0 0 0 0 0
4 0 0 0 2
#9
0 0 2 0 4
0 0 0 0 0
2 0 1 0 4
0 0 0 0 0
3 0 0 0 2
#80
3 0 4 0 2
0 0 0 0 0
0 0 0 0 1
0 0 0 0 0
1 0 3 0 2
#1
4 0 3 0 2
0 0 0 0 0
0 0 2 0 0
0 0 0 0 0
4 0 4 0 1
#2
1 0 0 0 2
0 0 0 0 0
3 0 1 0 0
0 0 0 0 0
3 0 0 0 2
#3
3 0 2 0 2
0 0 0 0 0
3 0 0 0 1
0 0 0 0 0
3 0 2 0 0
#4
2 0 3 0 2
0 0 0 0 0
1 0 0 0 4
0 0 0 0 0
2 0 0 0 4
#5
3 0 4 0 4
0 0 0 0 0
2 0 0 0 0
0 0 0 0 2
1 0 2 0 0
#6
3 0 0 0 1
0 0 0 0 0
4 0 0 0 3
0 0 0 0 0
2 0 1 0 2
#7
2 0 3 0 2
0 0 0 0 0
4 0 0 0 4
0 0 0 0 0
1 0 0 0 2
#8
2 0 1 0 1
0 0 0 0 0
4 0 0 0 2
0 0 0 0 0
4 0 0 0 2
#9
0 0 2 0 4
0 0 0 0 0
2 0 1 0 4
0 0 0 0 0
3 0 0 0 2
#90
3 0 4 0 2
0 0 0 0 0
0 0 0 0 1
0 0 0 0 0
1 0 3 0 2
#1
4 0 3 0 2
0 0 0 0 0
0 0 2 0 0
0 0 0 0 0
4 0 4 0 1
#2
1 0 0 0 2
0 0 0 0 0
3 0 1 0 0
0 0 0 0 0
3 0 0 0 2
#3
3 0 2 0 2
0 0 0 0 0
3 0 0 0 1
0 0 0 0 0
3 0 2 0 0
#4
2 0 3 0 2
0 0 0 0 0
1 0 0 0 4
0 0 0 0 0
2 0 0 0 4
#5
3 0 4 0 4
0 0 0 0 0
2 0 0 0 0
0 0 0 0 2
1 0 2 0 0
#6
3 0 0 0 1
0 0 0 0 0
4 0 0 0 3
0 0 0 0 0
2 0 1 0 2
#7
2 0 3 0 2
0 0 0 0 0
4 0 0 0 4
0 0 0 0 0
1 0 0 0 2
#8
2 0 1 0 1
0 0 0 0 0
4 0 0 0 2
0 0 0 0 0
4 0 0 0 2
#9
0 0 2 0 4
0 0 0 0 0
2 0 1 0 4
0 0 0 0 0
3 0 0 0 2
#100
3 0 4 0 2
0 0 0 0 0
0 0 0 0 1
0 0 0 0 0
1 0 3 0 2