#1
2 0 0 3 0
0 0 0 0 0
0 0 0 0 1
0 2 0 4 0
2 0 0 0 2
#2
2 0 0 0 3
0 0 1 0 0
0 0 0 0 0
3 0 3 0 0
0 2 0 0 4
#3
0 2 0 0 2
2 0 0 0 0
0 2 0 1 0
0 0 0 0 0
3 0 0 0 2
#4
1 0 0 0 2
0 3 0 4 0
0 0 0 0 0
0 0 0 2 0
0 3 0 0 3
#5
2 0 0 0 3
0 2 0 4 0
0 0 0 0 2
0 0 0 0 0
2 0 0 3 0
#6
0 0 0 0 2
2 0 0 1 0
0 0 1 0 0
0 0 0 0 0
3 0 4 0 3
#7
4 0 6 0 2
0 0 0 0 0
4 0 0 0 0
0 0 4 0 2
2 0 0 0 0
#8
3 0 0 0 3
0 0 0 0 0
0 2 0 0 4
0 0 0 0 0
4 0 0 0 2
#9
2 0 0 3 0
0 0 0 0 0
0 0 0 0 1
0 2 0 4 0
3 0 0 0 3
#10
2 0 0 0 3
0 4 0 4 0
0 0 0 0 0
0 0 0 2 0
0 4 0 0 3
#1
2 0 0 3 0
0 0 0 0 0
0 0 0 0 1
0 2 0 4 0
2 0 0 0 2
#2
2 0 0 0 3
0 0 1 0 0
0 0 0 0 0
3 0 3 0 0
0 2 0 0 4
#3
0 2 0 0 2
2 0 0 0 0
0 2 0 1 0
0 0 0 0 0
3 0 0 0 2
#4
1 0 0 0 2
0 3 0 4 0
0 0 0 0 0
0 0 0 2 0
0 3 0 0 3
#5
2 0 0 0 3
0 2 0 4 0
0 0 0 0 2
0 0 0 0 0
2 0 0 3 0
#6
0 0 0 0 2
2 0 0 1 0
0 0 1 0 0
0 0 0 0 0
3 0 4 0 3
#7
4 0 6 0 2
0 0 0 0 0
4 0 0 0 0
0 0 4 0 2
2 0 0 0 0
#8
3 0 0 0 3
0 0 0 0 0
0 2 0 0 4
0 0 0 0 0
4 0 0 0 2
#9
2 0 0 3 0
0 0 0 0 0
0 0 0 0 1
0 2 0 4 0
3 0 0 0 3
#20
2 0 0 0 3
0 4 0 4 0
0 0 0 0 0
0 0 0 2 0
0 4 0 0 3
#1
2 0 0 3 0
0 0 0 0 0
0 0 0 0 1
0 2 0 4 0
2 0 0 0 2
#2
2 0 0 0 3
0 0 1 0 0
0 0 0 0 0
3 0 3 0 0
0 2 0 0 4
#3
0 2 0 0 2
2 0 0 0 0
0 2 0 1 0
0 0 0 0 0
3 0 0 0 2
#4
1 0 0 0 2
0 3 0 4 0
0 0 0 0 0
0 0 0 2 0
0 3 0 0 3
#5
2 0 0 0 3
0 2 0 4 0
0 0 0 0 2
0 0 0 0 0
2 0 0 3 0
#6
0 0 0 0 2
2 0 0 1 0
0 0 1 0 0
0 0 0 0 0
3 0 4 0 3
#7
4 0 6 0 2
0 0 0 0 0
4 0 0 0 0
0 0 4 0 2
2 0 0 0 0
#8
3 0 0 0 3
0 0 0 0 0
0 2 0 0 4
0 0 0 0 0
4 0 0 0 2
#9
2 0 0 3 0
0 0 0 0 0
0 0 0 0 1
0 2 0 4 0
3 0 0 0 3
#30
2 0 0 0 3
0 4 0 4 0
0 0 0 0 0
0 0 0 2 0
0 4 0 0 3
#1
2 0 0 3 0
0 0 0 0 0
0 0 0 0 1
0 2 0 4 0
2 0 0 0 2
#2
2 0 0 0 3
0 0 1 0 0
0 0 0 0 0
3 0 3 0 0
0 2 0 0 4
#3
0 2 0 0 2
2 0 0 0 0
0 2 0 1 0
0 0 0 0 0
3 0 0 0 2
#4
1 0 0 0 2
0 3 0 4 0
0 0 0 0 0
0 0 0 2 0
0 3 0 0 3
#5
2 0 0 0 3
0 2 0 4 0
0 0 0 0 2
0 0 0 0 0
2 0 0 3 0
#6
0 0 0 0 2
2 0 0 1 0
0 0 1 0 0
0 0 0 0 0
3 0 4 0 3
#7
4 0 6 0 2
0 0 0 0 0
4 0 0 0 0
0 0 4 0 2
2 0 0 0 0
#8
3 0 0 0 3
0 0 0 0 0
0 2 0 0 4
0 0 0 0 0
4 0 0 0 2
#9
2 0 0 3 0
0 0 0 0 0
0 0 0 0 1
0 2 0 4 0
3 0 0 0 3
#40
2 0 0 0 3
0 4 0 4 0
0 0 0 0 0
0 0 0 2 0
0 4 0 0 3
#1
2 0 0 3 0
0 0 0 0 0
0 0 0 0 1
0 2 0 4 0
2 0 0 0 2
#2
2 0 0 0 3
0 0 1 0 0
0 0 0 0 0
3 0 3 0 0
0 2 0 0 4
#3
0 2 0 0 2
2 0 0 0 0
0 2 0 1 0
0 0 0 0 0
3 0 0 0 2
#4
1 0 0 0 2
0 3 0 4 0
0 0 0 0 0
0 0 0 2 0
0 3 0 0 3
#5
2 0 0 0 3
0 2 0 4 0
0 0 0 0 2
0 0 0 0 0
2 0 0 3 0
#6
0 0 0 0 2
2 0 0 1 0
0 0 1 0 0
0 0 0 0 0
3 0 4 0 3
#7
4 0 6 0 2
0 0 0 0 0
4 0 0 0 0
0 0 4 0 2
2 0 0 0 0
#8
3 0 0 0 3
0 0 0 0 0
0 2 0 0 4
0 0 0 0 0
4 0 0 0 2
#9
2 0 0 3 0
0 0 0 0 0
0 0 0 0 1
0 2 0 4 0
3 0 0 0 3
#50
2 0 0 0 3
0 4 0 4 0
0 0 0 0 0
0 0 0 2 0
0 4 0 0 3
#1
2 0 0 3 0
0 0 0 0 0
0 0 0 0 1
0 2 0 4 0
2 0 0 0 2
#2
2 0 0 0 3
0 0 1 0 0
0 0 0 0 0
3 0 3 0 0
0 2 0 0 4
#3
0 2 0 0 2
2 0 0 0 0
0 2 0 1 0
0 0 0 0 0
3 0 0 0 2
#4
1 0 0 0 2
0 3 0 4 0
0 0 0 0 0
0 0 0 2 0
0 3 0 0 3
#5
2 0 0 0 3
0 2 0 4 0
0 0 0 0 2
0 0 0 0 0
2 0 0 3 0
#6
0 0 0 0 2
2 0 0 1 0
0 0 1 0 0
0 0 0 0 0
3 0 4 0 3
#7
4 0 6 0 2
0 0 0 0 0
4 0 0 0 0
0 0 4 0 2
2 0 0 0 0
#8
3 0 0 0 3
0 0 0 0 0
0 2 0 0 4
0 0 0 0 0
4 0 0 0 2
#9
2 0 0 3 0
0 0 0 0 0
0 0 0 0 1
0 2 0 4 0
3 0 0 0 3
#60
2 0 0 0 3
0 4 0 4 0
0 0 0 0 0
0 0 0 2 0
0 4 0 0 3
#1
2 0 0 3 0
0 0 0 0 0
0 0 0 0 1
0 2 0 4 0
2 0 0 0 2
#2
2 0 0 0 3
0 0 1 0 0
0 0 0 0 0
3 0 3 0 0
0 2 0 0 4
#3
0 2 0 0 2
2 0 0 0 0
0 2 0 1 0
0 0 0 0 0
3 0 0 0 2
#4
1 0 0 0 2
0 3 0 4 0
0 0 0 0 0
0 0 0 2 0
0 3 0 0 3
#5
2 0 0 0 3
0 2 0 4 0
0 0 0 0 2
0 0 0 0 0
2 0 0 3 0
#6
0 0 0 0 2
2 0 0 1 0
0 0 1 0 0
0 0 0 0 0
3 0 4 0 3
#7
4 0 6 0 2
0 0 0 0 0
4 0 0 0 0
0 0 4 0 2
2 0 0 0 0
#8
3 0 0 0 3
0 0 0 0 0
0 2 0 0 4
0 0 0 0 0
4 0 0 0 2
#9
2 0 0 3 0
0 0 0 0 0
0 0 0 0 1
0 2 0 4 0
3 0 0 0 3
#70
2 0 0 0 3
0 4 0 4 0
0 0 0 0 0
0 0 0 2 0
0 4 0 0 3
#1
2 0 0 3 0
0 0 0 0 0
0 0 0 0 1
0 2 0 4 0
2 0 0 0 2
#2
2 0 0 0 3
0 0 1 0 0
0 0 0 0 0
3 0 3 0 0
0 2 0 0 4
#3
0 2 0 0 2
2 0 0 0 0
0 2 0 1 0
0 0 0 0 0
3 0 0 0 2
#4
1 0 0 0 2
0 3 0 4 0
0 0 0 0 0
0 0 0 2 0
0 3 0 0 3
#5
2 0 0 0 3
0 2 0 4 0
0 0 0 0 2
0 0 0 0 0
2 0 0 3 0
#6
0 0 0 0 2
2 0 0 1 0
0 0 1 0 0
0 0 0 0 0
3 0 4 0 3
#7
4 0 6 0 2
0 0 0 0 0
4 0 0 0 0
0 0 4 0 2
2 0 0 0 0
#8
3 0 0 0 3
0 0 0 0 0
0 2 0 0 4
0 0 0 0 0
4 0 0 0 2
#9
2 0 0 3 0
0 0 0 0 0
0 0 0 0 1
0 2 0 4 0
3 0 0 0 3
#80
2 0 0 0 3
0 4 0 4 0
0 0 0 0 0
0 0 0 2 0
0 4 0 0 3
#1
2 0 0 3 0
0 0 0 0 0
0 0 0 0 1
0 2 0 4 0
2 0 0 0 2
#2
2 0 0 0 3
0 0 1 0 0
0 0 0 0 0
3 0 3 0 0
0 2 0 0 4
#3
0 2 0 0 2
2 0 0 0 0
0 2 0 1 0
0 0 0 0 0
3 0 0 0 2
#4
1 0 0 0 2
0 3 0 4 0
0 0 0 0 0
0 0 0 2 0
0 3 0 0 3
#5
2 0 0 0 3
0 2 0 4 0
0 0 0 0 2
0 0 0 0 0
2 0 0 3 0
#6
0 0 0 0 2
2 0 0 1 0
0 0 1 0 0
0 0 0 0 0
3 0 4 0 3
#7
4 0 6 0 2
0 0 0 0 0
4 0 0 0 0
0 0 4 0 2
2 0 0 0 0
#8
3 0 0 0 3
0 0 0 0 0
0 2 0 0 4
0 0 0 0 0
4 0 0 0 2
#9
2 0 0 3 0
0 0 0 0 0
0 0 0 0 1
0 2 0 4 0
3 0 0 0 3
#90
2 0 0 0 3
0 4 0 4 0
0 0 0 0 0
0 0 0 2 0
0 4 0 0 3
#1
2 0 0 3 0
0 0 0 0 0
0 0 0 0 1
0 2 0 4 0
2 0 0 0 2
#2
2 0 0 0 3
0 0 1 0 0
0 0 0 0 0
3 0 3 0 0
0 2 0 0 4
#3
0 2 0 0 2
2 0 0 0 0
0 2 0 1 0
0 0 0 0 0
3 0 0 0 2
#4
1 0 0 0 2
0 3 0 4 0
0 0 0 0 0
0 0 0 2 0
0 3 0 0 3
#5
2 0 0 0 3
0 2 0 4 0
0 0 0 0 2
0 0 0 0 0
2 0 0 3 0
#6
0 0 0 0 2
2 0 0 1 0
0 0 1 0 0
0 0 0 0 0
3 0 4 0 3
#7
4 0 6 0 2
0 0 0 0 0
4 0 0 0 0
0 0 4 0 2
2 0 0 0 0
#8
3 0 0 0 3
0 0 0 0 0
0 2 0 0 4
0 0 0 0 0
4 0 0 0 2
#9
2 0 0 3 0
0 0 0 0 0
0 0 0 0 1
0 2 0 4 0
3 0 0 0 3
#100
2 0 0 0 3
0 4 0 4 0
0 0 0 0 0
0 0 0 2 0
0 4 0 0 3