#1
3 0 2 0 0 0 0
0 2 0 0 4 0 2
0 0 1 0 0 0 0
0 0 0 0 0 0 0
0 0 3 0 3 0 2
0 0 0 0 0 0 0
3 0 0 0 0 0 3
#2
3 0 0 2 0 0 3
0 0 0 0 0 0 0
4 0 0 0 5 0 5
0 0 0 0 0 0 0
0 2 0 0 4 0 0
0 0 0 0 0 0 0
2 0 0 0 0 0 2
#3
1 0 4 0 2 0 0
0 0 0 2 0 0 3
2 0 5 0 0 4 0
0 0 0 0 0 0 0
0 0 0 1 0 3 0
0 0 3 0 0 0 3
3 0 0 0 0 2 0
#4
4 0 0 0 0 2 0
0 0 2 0 3 0 4
0 0 0 0 0 0 0
3 0 0 0 0 0 0
0 0 2 0 2 0 0
0 0 0 0 0 0 0
3 0 0 0 5 0 4
#5
0 1 0 0 2 0 0
4 0 2 0 0 0 0
0 2 0 0 5 0 1
0 0 0 0 0 0 0
4 0 0 0 3 0 1
0 0 0 0 0 0 0
3 0 2 0 3 0 3
#6
3 0 0 4 0 0 2
0 0 0 0 0 0 0
0 3 0 6 0 4 0
0 0 2 0 0 0 0
0 1 0 0 0 2 0
2 0 3 0 0 0 0
0 1 0 4 0 0 3
#7
2 0 0 4 0 0 2
0 1 0 0 0 0 0
0 0 0 0 0 1 0
0 0 0 0 0 0 0
0 3 0 5 0 2 0
0 0 0 0 0 0 0
2 0 0 0 0 0 2
#8
3 0 0 0 0 0 3
0 2 0 3 0 3 0
1 0 0 0 0 0 3
0 0 0 0 0 0 0
0 0 0 0 0 0 0
0 0 0 0 0 2 0
0 2 0 3 0 0 3
#9
2 0 3 0 0 0 2
0 0 0 3 0 2 0
0 0 0 0 0 0 0
0 0 1 0 0 0 2
0 0 0 0 0 1 0
0 0 0 0 0 0 0
2 0 0 4 0 0 2
#10
2 0 4 0 0 0 3
0 0 0 0 2 0 0
0 0 0 0 0 0 0
0 0 0 0 0 0 0
0 0 0 0 0 0 0
0 0 0 0 0 0 0
2 0 2 0 3 0 2